
The given A matrix: 
[2.0, -3.0, 0.0, 0.0, 0.0, 0.0]
[-1.0, 4.0, -1.0, 0.0, -1.0, 0.0]
[0.0, -1.0, 4.0, 0.0, 0.0, -1.0]
[0.0, 0.0, 0.0, 2.0, -3.0, 0.0]
[0.0, -1.0, 0.0, -1.0, 4.0, -1.0]
[0.0, 0.0, -1.0, 0.0, -1.0, 4.0]

print the b vector: [-1.6666666666666667, 0.6666666666666666, 3, -1.3333333333333333, -0.3333333333333333, 1.6666666666666667]

The B matrix(for conjugate gradient): 
[2.0, -1.0, 0.0, 0.0, 0.0, 0.0]
[-1.0, 4.0, -1.0, 0.0, -1.0, 0.0]
[0.0, -1.0, 4.0, 0.0, 0.0, -1.0]
[0.0, 0.0, 0.0, 2.0, -3.0, 0.0]
[0.0, -1.0, 0.0, -3.0, 4.0, -1.0]
[0.0, 0.0, -1.0, 0.0, -1.0, 4.0]

Linear System solution by jacobi iteration method: [-0.3377203408830004, 0.33142035064702213, 0.9989472003447494, -0.6701732680582305, -0.002392929169824712, 0.6658251089241579]
Linear System solution by LU decomposition method: [-0.3333333333333335, 0.33333333333333326, 0.9999999999999999, -0.6666666666666665, 5.401084984662924e-17, 0.6666666666666667]

The inverse of the matrix A by Jacobi iteration method is: 
[0.9345, 0.8698, 0.2594, 0.2071, 0.4152, 0.1684]
[0.2897, 0.5799, 0.1729, 0.1382, 0.2769, 0.1123]
[0.0865, 0.1731, 0.3203, 0.0561, 0.1125, 0.1081]
[0.2071, 0.4152, 0.1684, 0.9345, 0.8698, 0.2594]
[0.1382, 0.2769, 0.1123, 0.2897, 0.5799, 0.1729]
[0.0561, 0.1125, 0.1081, 0.0865, 0.1731, 0.3203]


The inverse of the matrix A by Gauss Seidel method is: 
[0.9345, 0.8698, 0.2594, 0.2071, 0.4152, 0.1684]
[0.2897, 0.5799, 0.1729, 0.1382, 0.2769, 0.1123]
[0.0865, 0.1731, 0.3203, 0.0561, 0.1125, 0.1081]
[0.2071, 0.4152, 0.1684, 0.9345, 0.8698, 0.2594]
[0.1382, 0.2769, 0.1123, 0.2897, 0.5799, 0.1729]
[0.0561, 0.1125, 0.1081, 0.0865, 0.1731, 0.3203]


The inverse of the matrix B by Conjugate Gradient method is: 
[0.553, 0.106, 0.0184, -0.2212, -0.1475, -0.0323]
[0.106, 0.212, 0.0369, -0.4424, -0.2949, -0.0645]
[0.0184, 0.0369, 0.2673, -0.2074, -0.1382, 0.0323]
[-0.2212, -0.4424, -0.2074, -1.5115, -1.341, -0.3871]
[-0.1475, -0.2949, -0.1382, -1.341, -0.894, -0.2581]
[-0.0323, -0.0645, 0.0323, -0.3871, -0.2581, 0.1935]
